0,9900 0,00
0,9885 0,16
0,9842 1,55
0,9769 5,37
0,9668 12,79
0,9538 24,84
0,9382 42,48
0,9200 66,50
0,8993 97,56
0,8762 136,13
0,8509 182,49
0,8235 236,75
0,7942 298,81
0,7632 368,38
0,7306 444,98
0,6968 527,96
0,6618 616,53
0,6259 709,74
0,5893 806,54
0,5523 905,77
0,5150 1006,24
0,4777 1106,71
0,4407 1205,94
0,4041 1302,73
0,3682 1395,94
0,3332 1484,51
0,2994 1567,50
0,2668 1644,10
0,2358 1713,67
0,2065 1775,72
0,1791 1829,98
0,1538 1876,35
0,1307 1914,91
0,1100 1945,97
0,0918 1970,00
0,0762 1987,63
0,0632 1999,69
0,0531 2007,10
0,0458 2010,93
0,0400 2012,48